   0.00000000     -0.400000006     -0.600000024    
   1.00000005E-03 -0.400600195     -0.600399315    
   2.00000009E-03 -0.401200801     -0.600797236    
   3.00000003E-03 -0.401801795     -0.601193726    
   4.00000019E-03 -0.402403176     -0.601588786    
   5.00000035E-03 -0.403004974     -0.601982415    
   6.00000052E-03 -0.403607160     -0.602374613    
   7.00000068E-03 -0.404209733     -0.602765322    
   8.00000038E-03 -0.404812694     -0.603154600    
   9.00000054E-03 -0.405416042     -0.603542447    
   1.00000007E-02 -0.406019777     -0.603928804    
   1.10000009E-02 -0.406623900     -0.604313672    
   1.20000010E-02 -0.407228410     -0.604697049    
   1.30000012E-02 -0.407833308     -0.605078936    
   1.40000014E-02 -0.408438563     -0.605459332    
   1.50000015E-02 -0.409044206     -0.605838239    
   1.60000008E-02 -0.409650236     -0.606215596    
   1.70000009E-02 -0.410256654     -0.606591463    
   1.80000011E-02 -0.410863429     -0.606965780    
   1.90000013E-02 -0.411470592     -0.607338548    
   2.00000014E-02 -0.412078112     -0.607709765    
   2.10000016E-02 -0.412686020     -0.608079433    
   2.20000017E-02 -0.413294286     -0.608447552    
   2.30000019E-02 -0.413902909     -0.608814061    
   2.40000021E-02 -0.414511919     -0.609179020    
   2.50000022E-02 -0.415121287     -0.609542370    
   2.60000024E-02 -0.415731013     -0.609904110    
   2.70000026E-02 -0.416341096     -0.610264242    
   2.80000027E-02 -0.416951537     -0.610622764    
   2.90000029E-02 -0.417562336     -0.610979676    
   3.00000031E-02 -0.418173492     -0.611334980    
   3.10000032E-02 -0.418785006     -0.611688614    
   3.20000015E-02 -0.419396877     -0.612040639    
   3.29999998E-02 -0.420009106     -0.612390995    
   3.39999981E-02 -0.420621663     -0.612739682    
   3.49999964E-02 -0.421234578     -0.613086700    
   3.59999947E-02 -0.421847850     -0.613432050    
   3.69999930E-02 -0.422461450     -0.613775671    
   3.79999913E-02 -0.423075408     -0.614117622    
   3.89999896E-02 -0.423689693     -0.614457846    
   3.99999879E-02 -0.424304307     -0.614796340    
   4.09999862E-02 -0.424919277     -0.615133166    
   4.19999845E-02 -0.425534576     -0.615468264    
   4.29999828E-02 -0.426150203     -0.615801573    
   4.39999811E-02 -0.426766157     -0.616133153    
   4.49999794E-02 -0.427382469     -0.616462946    
   4.59999777E-02 -0.427999109     -0.616791010    
   4.69999760E-02 -0.428616077     -0.617117286    
   4.79999743E-02 -0.429233342     -0.617441773    
   4.89999726E-02 -0.429850936     -0.617764473    
   4.99999709E-02 -0.430468857     -0.618085384    
   5.09999692E-02 -0.431087106     -0.618404448    
   5.19999675E-02 -0.431705683     -0.618721724    
   5.29999658E-02 -0.432324558     -0.619037151    
   5.39999641E-02 -0.432943761     -0.619350731    
   5.49999624E-02 -0.433563262     -0.619662464    
   5.59999608E-02 -0.434183091     -0.619972348    
   5.69999591E-02 -0.434803218     -0.620280385    
   5.79999574E-02 -0.435423642     -0.620586574    
   5.89999557E-02 -0.436044395     -0.620890856    
   5.99999540E-02 -0.436665446     -0.621193230    
   6.09999523E-02 -0.437286794     -0.621493697    
   6.19999506E-02 -0.437908441     -0.621792257    
   6.29999489E-02 -0.438530385     -0.622088909    
   6.39999509E-02 -0.439152628     -0.622383654    
   6.49999529E-02 -0.439775169     -0.622676432    
   6.59999549E-02 -0.440397978     -0.622967303    
   6.69999570E-02 -0.441021085     -0.623256207    
   6.79999590E-02 -0.441644490     -0.623543143    
   6.89999610E-02 -0.442268163     -0.623828113    
   6.99999630E-02 -0.442892134     -0.624111116    
   7.09999651E-02 -0.443516374     -0.624392092    
   7.19999671E-02 -0.444140911     -0.624671102    
   7.29999691E-02 -0.444765717     -0.624948084    
   7.39999712E-02 -0.445390791     -0.625223041    
   7.49999732E-02 -0.446016163     -0.625495970    
   7.59999752E-02 -0.446641803     -0.625766873    
   7.69999772E-02 -0.447267711     -0.626035690    
   7.79999793E-02 -0.447893888     -0.626302481    
   7.89999813E-02 -0.448520333     -0.626567185    
   7.99999833E-02 -0.449147046     -0.626829803    
   8.09999853E-02 -0.449773997     -0.627090335    
   8.19999874E-02 -0.450401217     -0.627348781    
   8.29999894E-02 -0.451028705     -0.627605140    
   8.39999914E-02 -0.451656431     -0.627859354    
   8.49999934E-02 -0.452284425     -0.628111422    
   8.59999955E-02 -0.452912658     -0.628361404    
   8.69999975E-02 -0.453541130     -0.628609240    
   8.79999995E-02 -0.454169869     -0.628854871    
   8.90000015E-02 -0.454798847     -0.629098356    
   9.00000036E-02 -0.455428064     -0.629339695    
   9.10000056E-02 -0.456057519     -0.629578829    
   9.20000076E-02 -0.456687212     -0.629815757    
   9.30000097E-02 -0.457317144     -0.630050480    
   9.40000117E-02 -0.457947314     -0.630282998    
   9.50000137E-02 -0.458577722     -0.630513251    
   9.60000157E-02 -0.459208339     -0.630741298    
   9.70000178E-02 -0.459839195     -0.630967081    
   9.80000198E-02 -0.460470259     -0.631190598    
   9.90000218E-02 -0.461101562     -0.631411850    
  0.100000024     -0.461733073     -0.631630838    
  0.101000026     -0.462364823     -0.631847560    
  0.102000028     -0.462996781     -0.632061958    
  0.103000030     -0.463628948     -0.632274091    
  0.104000032     -0.464261323     -0.632483900    
  0.105000034     -0.464893907     -0.632691383    
  0.106000036     -0.465526700     -0.632896483    
  0.107000038     -0.466159701     -0.633099258    
  0.108000040     -0.466792911     -0.633299649    
  0.109000042     -0.467426300     -0.633497715    
  0.110000044     -0.468059897     -0.633693397    
  0.111000046     -0.468693674     -0.633886695    
  0.112000048     -0.469327658     -0.634077549    
  0.113000050     -0.469961822     -0.634266019    
  0.114000052     -0.470596194     -0.634452045    
  0.115000054     -0.471230745     -0.634635627    
  0.116000056     -0.471865475     -0.634816766    
  0.117000058     -0.472500384     -0.634995461    
  0.118000060     -0.473135471     -0.635171711    
  0.119000062     -0.473770738     -0.635345459    
  0.120000064     -0.474406183     -0.635516763    
  0.121000066     -0.475041777     -0.635685563    
  0.122000068     -0.475677550     -0.635851860    
  0.123000070     -0.476313472     -0.636015594    
  0.124000072     -0.476949573     -0.636176825    
  0.125000075     -0.477585822     -0.636335492    
  0.126000077     -0.478222251     -0.636491656    
  0.127000079     -0.478858829     -0.636645257    
  0.128000081     -0.479495555     -0.636796236    
  0.129000083     -0.480132431     -0.636944652    
  0.130000085     -0.480769455     -0.637090445    
  0.131000087     -0.481406629     -0.637233675    
  0.132000089     -0.482043922     -0.637374282    
  0.133000091     -0.482681364     -0.637512267    
  0.134000093     -0.483318955     -0.637647569    
  0.135000095     -0.483956665     -0.637780249    
  0.136000097     -0.484594524     -0.637910247    
  0.137000099     -0.485232502     -0.638037562    
  0.138000101     -0.485870600     -0.638162196    
  0.139000103     -0.486508816     -0.638284147    
  0.140000105     -0.487147152     -0.638403356    
  0.141000107     -0.487785608     -0.638519883    
  0.142000109     -0.488424182     -0.638633668    
  0.143000111     -0.489062876     -0.638744712    
  0.144000113     -0.489701688     -0.638853014    
  0.145000115     -0.490340590     -0.638958514    
  0.146000117     -0.490979612     -0.639061272    
  0.147000119     -0.491618723     -0.639161229    
  0.148000121     -0.492257923     -0.639258385    
  0.149000123     -0.492897242     -0.639352739    
  0.150000125     -0.493536651     -0.639444232    
  0.151000127     -0.494176149     -0.639532924    
  0.152000129     -0.494815737     -0.639618754    
  0.153000131     -0.495455384     -0.639701724    
  0.154000133     -0.496095121     -0.639781833    
  0.155000135     -0.496734947     -0.639859021    
  0.156000137     -0.497374833     -0.639933348    
  0.157000139     -0.498014808     -0.640004754    
  0.158000141     -0.498654842     -0.640073240    
  0.159000143     -0.499294937     -0.640138805    
  0.160000145     -0.499935120     -0.640201390    
  0.161000147     -0.500575364     -0.640261054    
  0.162000149     -0.501215637     -0.640317738    
  0.163000152     -0.501855969     -0.640371442    
  0.164000154     -0.502496362     -0.640422165    
  0.165000156     -0.503136814     -0.640469849    
  0.166000158     -0.503777325     -0.640514553    
  0.167000160     -0.504417837     -0.640556216    
  0.168000162     -0.505058408     -0.640594840    
  0.169000164     -0.505699039     -0.640630424    
  0.170000166     -0.506339669     -0.640662909    
  0.171000168     -0.506980360     -0.640692294    
  0.172000170     -0.507621050     -0.640718639    
  0.173000172     -0.508261800     -0.640741825    
  0.174000174     -0.508902550     -0.640761912    
  0.175000176     -0.509543300     -0.640778899    
  0.176000178     -0.510184109     -0.640792727    
  0.177000180     -0.510824919     -0.640803397    
  0.178000182     -0.511465728     -0.640810907    
  0.179000184     -0.512106538     -0.640815258    
  0.180000186     -0.512747347     -0.640816391    
  0.181000188     -0.513388157     -0.640814304    
  0.182000190     -0.514028966     -0.640809000    
  0.183000192     -0.514669776     -0.640800476    
  0.184000194     -0.515310585     -0.640788734    
  0.185000196     -0.515951395     -0.640773714    
  0.186000198     -0.516592145     -0.640755415    
  0.187000200     -0.517232895     -0.640733838    
  0.188000202     -0.517873645     -0.640708983    
  0.189000204     -0.518514335     -0.640680790    
  0.190000206     -0.519155025     -0.640649259    
  0.191000208     -0.519795656     -0.640614390    
  0.192000210     -0.520436227     -0.640576184    
  0.193000212     -0.521076798     -0.640534639    
  0.194000214     -0.521717310     -0.640489697    
  0.195000216     -0.522357762     -0.640441358    
  0.196000218     -0.522998154     -0.640389621    
  0.197000220     -0.523638487     -0.640334487    
  0.198000222     -0.524278820     -0.640275896    
  0.199000224     -0.524919093     -0.640213907    
  0.200000226     -0.525559247     -0.640148461    
  0.201000229     -0.526199341     -0.640079498    
  0.202000231     -0.526839375     -0.640007079    
  0.203000233     -0.527479351     -0.639931142    
  0.204000235     -0.528119266     -0.639851689    
  0.205000237     -0.528759062     -0.639768720    
  0.206000239     -0.529398799     -0.639682233    
  0.207000241     -0.530038416     -0.639592171    
  0.208000243     -0.530677974     -0.639498591    
  0.209000245     -0.531317413     -0.639401376    
  0.210000247     -0.531956792     -0.639300585    
  0.211000249     -0.532596052     -0.639196217    
  0.212000251     -0.533235192     -0.639088213    
  0.213000253     -0.533874214     -0.638976574    
  0.214000255     -0.534513116     -0.638861299    
  0.215000257     -0.535151899     -0.638742328    
  0.216000259     -0.535790563     -0.638619721    
  0.217000261     -0.536429107     -0.638493419    
  0.218000263     -0.537067533     -0.638363421    
  0.219000265     -0.537705839     -0.638229668    
  0.220000267     -0.538344026     -0.638092160    
  0.221000269     -0.538982034     -0.637950957    
  0.222000271     -0.539619923     -0.637805939    
  0.223000273     -0.540257633     -0.637657166    
  0.224000275     -0.540895224     -0.637504637    
  0.225000277     -0.541532636     -0.637348294    
  0.226000279     -0.542169929     -0.637188137    
  0.227000281     -0.542807043     -0.637024105    
  0.228000283     -0.543443978     -0.636856258    
  0.229000285     -0.544080734     -0.636684537    
  0.230000287     -0.544717312     -0.636508942    
  0.231000289     -0.545353711     -0.636329412    
  0.232000291     -0.545989931     -0.636146009    
  0.233000293     -0.546625972     -0.635958672    
  0.234000295     -0.547261834     -0.635767400    
  0.235000297     -0.547897518     -0.635572195    
  0.236000299     -0.548532963     -0.635372996    
  0.237000301     -0.549168229     -0.635169804    
  0.238000304     -0.549803317     -0.634962618    
  0.239000306     -0.550438166     -0.634751439    
  0.240000308     -0.551072836     -0.634536266    
  0.241000310     -0.551707268     -0.634317040    
  0.242000312     -0.552341461     -0.634093761    
  0.243000314     -0.552975416     -0.633866370    
  0.244000316     -0.553609192     -0.633634925    
  0.245000318     -0.554242730     -0.633399367    
  0.246000320     -0.554876029     -0.633159697    
  0.247000322     -0.555509090     -0.632915914    
  0.248000324     -0.556141853     -0.632667959    
  0.249000326     -0.556774378     -0.632415831    
  0.250000328     -0.557406664     -0.632159531    
  0.251000315     -0.558038712     -0.631899059    
  0.252000302     -0.558670461     -0.631634355    
  0.253000289     -0.559301972     -0.631365418    
  0.254000276     -0.559933186     -0.631092250    
  0.255000263     -0.560564160     -0.630814850    
  0.256000251     -0.561194837     -0.630533159    
  0.257000238     -0.561825216     -0.630247176    
  0.258000225     -0.562455297     -0.629956901    
  0.259000212     -0.563085079     -0.629662275    
  0.260000199     -0.563714564     -0.629363358    
  0.261000186     -0.564343750     -0.629060090    
  0.262000173     -0.564972639     -0.628752410    
  0.263000160     -0.565601230     -0.628440380    
  0.264000148     -0.566229522     -0.628123939    
  0.265000135     -0.566857457     -0.627803087    
  0.266000122     -0.567485094     -0.627477765    
  0.267000109     -0.568112433     -0.627148032    
  0.268000096     -0.568739414     -0.626813829    
  0.269000083     -0.569366038     -0.626475155    
  0.270000070     -0.569992363     -0.626131952    
  0.271000057     -0.570618331     -0.625784278    
  0.272000045     -0.571243942     -0.625432074    
  0.273000032     -0.571869195     -0.625075281    
  0.274000019     -0.572494090     -0.624713957    
  0.275000006     -0.573118627     -0.624348044    
  0.275999993     -0.573742807     -0.623977542    
  0.276999980     -0.574366570     -0.623602450    
  0.277999967     -0.574989974     -0.623222709    
  0.278999954     -0.575613022     -0.622838318    
  0.279999942     -0.576235652     -0.622449279    
  0.280999929     -0.576857924     -0.622055531    
  0.281999916     -0.577479780     -0.621657133    
  0.282999903     -0.578101218     -0.621254027    
  0.283999890     -0.578722239     -0.620846152    
  0.284999877     -0.579342902     -0.620433569    
  0.285999864     -0.579963148     -0.620016217    
  0.286999851     -0.580582976     -0.619594097    
  0.287999839     -0.581202328     -0.619167149    
  0.288999826     -0.581821263     -0.618735373    
  0.289999813     -0.582439780     -0.618298769    
  0.290999800     -0.583057880     -0.617857337    
  0.291999787     -0.583675504     -0.617411017    
  0.292999774     -0.584292710     -0.616959870    
  0.293999761     -0.584909439     -0.616503775    
  0.294999748     -0.585525692     -0.616042793    
  0.295999736     -0.586141527     -0.615576863    
  0.296999723     -0.586756885     -0.615105987    
  0.297999710     -0.587371767     -0.614630163    
  0.298999697     -0.587986171     -0.614149332    
  0.299999684     -0.588600099     -0.613663495    
  0.300999671     -0.589213490     -0.613172650    
  0.301999658     -0.589826405     -0.612676740    
  0.302999645     -0.590438843     -0.612175763    
  0.303999633     -0.591050744     -0.611669719    
  0.304999620     -0.591662169     -0.611158609    
  0.305999607     -0.592273057     -0.610642374    
  0.306999594     -0.592883468     -0.610121012    
  0.307999581     -0.593493342     -0.609594524    
  0.308999568     -0.594102681     -0.609062850    
  0.309999555     -0.594711483     -0.608525991    
  0.310999542     -0.595319748     -0.607983947    
  0.311999530     -0.595927477     -0.607436657    
  0.312999517     -0.596534610     -0.606884122    
  0.313999504     -0.597141206     -0.606326342    
  0.314999491     -0.597747266     -0.605763316    
  0.315999478     -0.598352730     -0.605194986    
  0.316999465     -0.598957658     -0.604621351    
  0.317999452     -0.599561989     -0.604042411    
  0.318999439     -0.600165725     -0.603458107    
  0.319999427     -0.600768864     -0.602868438    
  0.320999414     -0.601371408     -0.602273345    
  0.321999401     -0.601973355     -0.601672888    
  0.322999388     -0.602574706     -0.601067007    
  0.323999375     -0.603175461     -0.600455701    
  0.324999362     -0.603775620     -0.599838912    
  0.325999349     -0.604375124     -0.599216640    
  0.326999336     -0.604974031     -0.598588884    
  0.327999324     -0.605572283     -0.597955585    
  0.328999311     -0.606169939     -0.597316802    
  0.329999298     -0.606766939     -0.596672416    
  0.330999285     -0.607363284     -0.596022487    
  0.331999272     -0.607958972     -0.595366955    
  0.332999259     -0.608554006     -0.594705820    
  0.333999246     -0.609148383     -0.594039083    
  0.334999233     -0.609742105     -0.593366683    
  0.335999221     -0.610335112     -0.592688620    
  0.336999208     -0.610927463     -0.592004836    
  0.337999195     -0.611519098     -0.591315389    
  0.338999182     -0.612110078     -0.590620220    
  0.339999169     -0.612700343     -0.589919269    
  0.340999156     -0.613289893     -0.589212537    
  0.341999143     -0.613878727     -0.588500023    
  0.342999130     -0.614466846     -0.587781727    
  0.343999118     -0.615054250     -0.587057590    
  0.344999105     -0.615640938     -0.586327612    
  0.345999092     -0.616226912     -0.585591793    
  0.346999079     -0.616812110     -0.584850073    
  0.347999066     -0.617396593     -0.584102452    
  0.348999053     -0.617980301     -0.583348930    
  0.349999040     -0.618563294     -0.582589447    
  0.350999027     -0.619145513     -0.581824005    
  0.351999015     -0.619726956     -0.581052601    
  0.352999002     -0.620307624     -0.580275178    
  0.353998989     -0.620887518     -0.579491735    
  0.354998976     -0.621466637     -0.578702271    
  0.355998963     -0.622044921     -0.577906728    
  0.356998950     -0.622622430     -0.577105105    
  0.357998937     -0.623199105     -0.576297343    
  0.358998924     -0.623775005     -0.575483501    
  0.359998912     -0.624350071     -0.574663460    
  0.360998899     -0.624924302     -0.573837280    
  0.361998886     -0.625497699     -0.573004901    
  0.362998873     -0.626070261     -0.572166324    
  0.363998860     -0.626641989     -0.571321547    
  0.364998847     -0.627212882     -0.570470512    
  0.365998834     -0.627782941     -0.569613218    
  0.366998821     -0.628352106     -0.568749607    
  0.367998809     -0.628920436     -0.567879677    
  0.368998796     -0.629487872     -0.567003429    
  0.369998783     -0.630054414     -0.566120803    
  0.370998770     -0.630620062     -0.565231800    
  0.371998757     -0.631184876     -0.564336419    
  0.372998744     -0.631748736     -0.563434660    
  0.373998731     -0.632311702     -0.562526464    
  0.374998719     -0.632873774     -0.561611772    
  0.375998706     -0.633434951     -0.560690582    
  0.376998693     -0.633995175     -0.559762895    
  0.377998680     -0.634554446     -0.558828712    
  0.378998667     -0.635112822     -0.557887971    
  0.379998654     -0.635670245     -0.556940675    
  0.380998641     -0.636226714     -0.555986822    
  0.381998628     -0.636782229     -0.555026352    
  0.382998616     -0.637336791     -0.554059207    
  0.383998603     -0.637890339     -0.553085446    
  0.384998590     -0.638442934     -0.552105010    
  0.385998577     -0.638994575     -0.551117897    
  0.386998564     -0.639545202     -0.550124049    
  0.387998551     -0.640094817     -0.549123466    
  0.388998538     -0.640643418     -0.548116088    
  0.389998525     -0.641191006     -0.547101915    
  0.390998513     -0.641737580     -0.546080947    
  0.391998500     -0.642283142     -0.545053184    
  0.392998487     -0.642827690     -0.544018567    
  0.393998474     -0.643371165     -0.542977095    
  0.394998461     -0.643913627     -0.541928709    
  0.395998448     -0.644455016     -0.540873408    
  0.396998435     -0.644995332     -0.539811134    
  0.397998422     -0.645534635     -0.538741946    
  0.398998410     -0.646072865     -0.537665725    
  0.399998397     -0.646609962     -0.536582530    
  0.400998384     -0.647145987     -0.535492301    
  0.401998371     -0.647680938     -0.534395039    
  0.402998358     -0.648214757     -0.533290684    
  0.403998345     -0.648747504     -0.532179236    
  0.404998332     -0.649279118     -0.531060636    
  0.405998319     -0.649809599     -0.529934883    
  0.406998307     -0.650338948     -0.528801978    
  0.407998294     -0.650867164     -0.527661920    
  0.408998281     -0.651394248     -0.526514649    
  0.409998268     -0.651920199     -0.525360107    
  0.410998255     -0.652444959     -0.524198294    
  0.411998242     -0.652968585     -0.523029208    
  0.412998229     -0.653491020     -0.521852851    
  0.413998216     -0.654012263     -0.520669162    
  0.414998204     -0.654532313     -0.519478083    
  0.415998191     -0.655051172     -0.518279672    
  0.416998178     -0.655568838     -0.517073810    
  0.417998165     -0.656085312     -0.515860558    
  0.418998152     -0.656600535     -0.514639854    
  0.419998139     -0.657114565     -0.513411701    
  0.420998126     -0.657627344     -0.512176037    
  0.421998113     -0.658138871     -0.510932863    
  0.422998101     -0.658649206     -0.509682119    
  0.423998088     -0.659158289     -0.508423805    
  0.424998075     -0.659666061     -0.507157922    
  0.425998062     -0.660172582     -0.505884409    
  0.426998049     -0.660677850     -0.504603267    
  0.427998036     -0.661181808     -0.503314435    
  0.428998023     -0.661684453     -0.502017915    
  0.429998010     -0.662185848     -0.500713706    
  0.430997998     -0.662685931     -0.499401778    
  0.431997985     -0.663184702     -0.498082072    
  0.432997972     -0.663682103     -0.496754587    
  0.433997959     -0.664178193     -0.495419294    
  0.434997946     -0.664672971     -0.494076163    
  0.435997933     -0.665166378     -0.492725164    
  0.436997920     -0.665658414     -0.491366297    
  0.437997907     -0.666149080     -0.489999533    
  0.438997895     -0.666638374     -0.488624811    
  0.439997882     -0.667126298     -0.487242132    
  0.440997869     -0.667612851     -0.485851467    
  0.441997856     -0.668098032     -0.484452814    
  0.442997843     -0.668581784     -0.483046114    
  0.443997830     -0.669064105     -0.481631368    
  0.444997817     -0.669545054     -0.480208546    
  0.445997804     -0.670024574     -0.478777617    
  0.446997792     -0.670502603     -0.477338552    
  0.447997779     -0.670979202     -0.475891322    
  0.448997766     -0.671454370     -0.474435896    
  0.449997753     -0.671928048     -0.472972274    
  0.450997740     -0.672400296     -0.471500397    
  0.451997727     -0.672871053     -0.470020264    
  0.452997714     -0.673340321     -0.468531847    
  0.453997701     -0.673808098     -0.467035115    
  0.454997689     -0.674274385     -0.465530038    
  0.455997676     -0.674739182     -0.464016616    
  0.456997663     -0.675202429     -0.462494791    
  0.457997650     -0.675664186     -0.460964561    
  0.458997637     -0.676124394     -0.459425867    
  0.459997624     -0.676583052     -0.457878709    
  0.460997611     -0.677040160     -0.456323057    
  0.461997598     -0.677495718     -0.454758883    
  0.462997586     -0.677949667     -0.453186154    
  0.463997573     -0.678402066     -0.451604873    
  0.464997560     -0.678852856     -0.450014979    
  0.465997547     -0.679302096     -0.448416471    
  0.466997534     -0.679749727     -0.446809292    
  0.467997521     -0.680195749     -0.445193440    
  0.468997508     -0.680640101     -0.443568885    
  0.469997495     -0.681082845     -0.441935599    
  0.470997483     -0.681523979     -0.440293550    
  0.471997470     -0.681963444     -0.438642710    
  0.472997457     -0.682401240     -0.436983049    
  0.473997444     -0.682837367     -0.435314566    
  0.474997431     -0.683271825     -0.433637202    
  0.475997418     -0.683704615     -0.431950957    
  0.476997405     -0.684135735     -0.430255771    
  0.477997392     -0.684565127     -0.428551644    
  0.478997380     -0.684992850     -0.426838547    
  0.479997367     -0.685418844     -0.425116450    
  0.480997354     -0.685843110     -0.423385322    
  0.481997341     -0.686265647     -0.421645135    
  0.482997328     -0.686686397     -0.419895858    
  0.483997315     -0.687105417     -0.418137461    
  0.484997302     -0.687522650     -0.416369915    
  0.485997289     -0.687938154     -0.414593190    
  0.486997277     -0.688351870     -0.412807286    
  0.487997264     -0.688763797     -0.411012143    
  0.488997251     -0.689173937     -0.409207761    
  0.489997238     -0.689582229     -0.407394081    
  0.490997225     -0.689988732     -0.405571103    
  0.491997212     -0.690393388     -0.403738767    
  0.492997199     -0.690796196     -0.401897073    
  0.493997186     -0.691197157     -0.400045991    
  0.494997174     -0.691596270     -0.398185492    
  0.495997161     -0.691993535     -0.396315545    
  0.496997148     -0.692388892     -0.394436091    
  0.497997135     -0.692782402     -0.392547131    
  0.498997122     -0.693174005     -0.390648633    
  0.499997109     -0.693563700     -0.388740569    
  0.500997126     -0.693951488     -0.386822909    
  0.501997113     -0.694337368     -0.384895623    
  0.502997100     -0.694721282     -0.382958710    
  0.503997087     -0.695103288     -0.381012112    
  0.504997075     -0.695483327     -0.379055798    
  0.505997062     -0.695861399     -0.377089739    
  0.506997049     -0.696237504     -0.375113904    
  0.507997036     -0.696611643     -0.373128265    
  0.508997023     -0.696983755     -0.371132821    
  0.509997010     -0.697353899     -0.369127512    
  0.510996997     -0.697722018     -0.367112309    
  0.511996984     -0.698088109     -0.365087211    
  0.512996972     -0.698452175     -0.363052160    
  0.513996959     -0.698814213     -0.361007124    
  0.514996946     -0.699174166     -0.358952075    
  0.515996933     -0.699532092     -0.356887013    
  0.516996920     -0.699887931     -0.354811877    
  0.517996907     -0.700241685     -0.352726638    
  0.518996894     -0.700593352     -0.350631267    
  0.519996881     -0.700942934     -0.348525763    
  0.520996869     -0.701290429     -0.346410066    
  0.521996856     -0.701635778     -0.344284147    
  0.522996843     -0.701978981     -0.342147976    
  0.523996830     -0.702320039     -0.340001553    
  0.524996817     -0.702658951     -0.337844819    
  0.525996804     -0.702995718     -0.335677743    
  0.526996791     -0.703330278     -0.333500296    
  0.527996778     -0.703662694     -0.331312448    
  0.528996766     -0.703992903     -0.329114169    
  0.529996753     -0.704320908     -0.326905429    
  0.530996740     -0.704646707     -0.324686199    
  0.531996727     -0.704970300     -0.322456449    
  0.532996714     -0.705291629     -0.320216149    
  0.533996701     -0.705610693     -0.317965269    
  0.534996688     -0.705927551     -0.315703779    
  0.535996675     -0.706242144     -0.313431650    
  0.536996663     -0.706554413     -0.311148822    
  0.537996650     -0.706864417     -0.308855295    
  0.538996637     -0.707172096     -0.306551039    
  0.539996624     -0.707477510     -0.304235995    
  0.540996611     -0.707780600     -0.301910162    
  0.541996598     -0.708081365     -0.299573481    
  0.542996585     -0.708379745     -0.297225952    
  0.543996572     -0.708675802     -0.294867516    
  0.544996560     -0.708969474     -0.292498142    
  0.545996547     -0.709260762     -0.290117800    
  0.546996534     -0.709549665     -0.287726492    
  0.547996521     -0.709836185     -0.285324156    
  0.548996508     -0.710120320     -0.282910764    
  0.549996495     -0.710402012     -0.280486256    
  0.550996482     -0.710681260     -0.278050631    
  0.551996469     -0.710958064     -0.275603861    
  0.552996457     -0.711232424     -0.273145914    
  0.553996444     -0.711504340     -0.270676732    
  0.554996431     -0.711773753     -0.268196315    
  0.555996418     -0.712040722     -0.265704602    
  0.556996405     -0.712305188     -0.263201565    
  0.557996392     -0.712567151     -0.260687172    
  0.558996379     -0.712826550     -0.258161396    
  0.559996367     -0.713083446     -0.255624205    
  0.560996354     -0.713337779     -0.253075570    
  0.561996341     -0.713589549     -0.250515461    
  0.562996328     -0.713838756     -0.247943833    
  0.563996315     -0.714085400     -0.245360643    
  0.564996302     -0.714329481     -0.242765874    
  0.565996289     -0.714570940     -0.240159497    
  0.566996276     -0.714809775     -0.237541467    
  0.567996264     -0.715045989     -0.234911755    
  0.568996251     -0.715279579     -0.232270330    
  0.569996238     -0.715510547     -0.229617149    
  0.570996225     -0.715738833     -0.226952180    
  0.571996212     -0.715964437     -0.224275395    
  0.572996199     -0.716187358     -0.221586764    
  0.573996186     -0.716407597     -0.218886241    
  0.574996173     -0.716625154     -0.216173798    
  0.575996161     -0.716839969     -0.213449404    
  0.576996148     -0.717052042     -0.210713014    
  0.577996135     -0.717261374     -0.207964599    
  0.578996122     -0.717467964     -0.205204129    
  0.579996109     -0.717671812     -0.202431574    
  0.580996096     -0.717872858     -0.199646890    
  0.581996083     -0.718071103     -0.196850047    
  0.582996070     -0.718266547     -0.194040999    
  0.583996058     -0.718459189     -0.191219732    
  0.584996045     -0.718648970     -0.188386187    
  0.585996032     -0.718835950     -0.185540348    
  0.586996019     -0.719020069     -0.182682171    
  0.587996006     -0.719201326     -0.179811627    
  0.588995993     -0.719379723     -0.176928669    
  0.589995980     -0.719555199     -0.174033269    
  0.590995967     -0.719727755     -0.171125397    
  0.591995955     -0.719897449     -0.168205023    
  0.592995942     -0.720064163     -0.165272087    
  0.593995929     -0.720227957     -0.162326574    
  0.594995916     -0.720388830     -0.159368441    
  0.595995903     -0.720546722     -0.156397656    
  0.596995890     -0.720701635     -0.153414175    
  0.597995877     -0.720853567     -0.150417969    
  0.598995864     -0.721002460     -0.147409007    
  0.599995852     -0.721148372     -0.144387245    
  0.600995839     -0.721291244     -0.141352654    
  0.601995826     -0.721431077     -0.138305187    
  0.602995813     -0.721567869     -0.135244817    
  0.603995800     -0.721701562     -0.132171497    
  0.604995787     -0.721832216     -0.129085198    
  0.605995774     -0.721959770     -0.125985876    
  0.606995761     -0.722084224     -0.122873507    
  0.607995749     -0.722205520     -0.119748048    
  0.608995736     -0.722323716     -0.116609462    
  0.609995723     -0.722438753     -0.113457710    
  0.610995710     -0.722550631     -0.110292763    
  0.611995697     -0.722659349     -0.107114576    
  0.612995684     -0.722764850     -0.103923112    
  0.613995671     -0.722867191     -0.100718342    
  0.614995658     -0.722966313      -9.75002199E-02
  0.615995646     -0.723062217      -9.42687094E-02
  0.616995633     -0.723154843      -9.10237730E-02
  0.617995620     -0.723244250      -8.77653807E-02
  0.618995607     -0.723330379      -8.44934881E-02
  0.619995594     -0.723413229      -8.12080577E-02
  0.620995581     -0.723492801      -7.79090524E-02
  0.621995568     -0.723569036      -7.45964348E-02
  0.622995555     -0.723641992      -7.12701678E-02
  0.623995543     -0.723711610      -6.79302067E-02
  0.624995530     -0.723777890      -6.45765215E-02
  0.625995517     -0.723840773      -6.12090714E-02
  0.626995504     -0.723900318      -5.78278154E-02
  0.627995491     -0.723956466      -5.44327199E-02
  0.628995478     -0.724009216      -5.10237440E-02
  0.629995465     -0.724058509      -4.76008505E-02
  0.630995452     -0.724104404      -4.41639982E-02
  0.631995440     -0.724146843      -4.07131501E-02
  0.632995427     -0.724185824      -3.72482687E-02
  0.633995414     -0.724221349      -3.37693132E-02
  0.634995401     -0.724253356      -3.02762426E-02
  0.635995388     -0.724281907      -2.67690215E-02
  0.636995375     -0.724306941      -2.32476089E-02
  0.637995362     -0.724328399      -1.97119657E-02
  0.638995349     -0.724346340      -1.61620528E-02
  0.639995337     -0.724360704      -1.25978319E-02
  0.640995324     -0.724371493      -9.01926216E-03
  0.641995311     -0.724378705      -5.42630441E-03
  0.642995298     -0.724382341      -1.81891932E-03
  0.643995285     -0.724382341       1.80293340E-03
  0.644995272     -0.724378705       5.43929357E-03
  0.645995259     -0.724371433       9.09020007E-03
  0.646995246     -0.724360526       1.27556948E-02
  0.647995234     -0.724345922       1.64358169E-02
  0.648995221     -0.724327624       2.01306064E-02
  0.649995208     -0.724305630       2.38401033E-02
  0.650995195     -0.724279940       2.75643487E-02
  0.651995182     -0.724250495       3.13033834E-02
  0.652995169     -0.724217296       3.50572467E-02
  0.653995156     -0.724180341       3.88259813E-02
  0.654995143     -0.724139631       4.26096246E-02
  0.655995131     -0.724095106       4.64082174E-02
  0.656995118     -0.724046767       5.02218045E-02
  0.657995105     -0.723994613       5.40504232E-02
  0.658995092     -0.723938644       5.78941181E-02
  0.659995079     -0.723878801       6.17529266E-02
  0.660995066     -0.723815084       6.56268895E-02
  0.661995053     -0.723747492       6.95160553E-02
  0.662995040     -0.723676026       7.34204575E-02
  0.663995028     -0.723600626       7.73401409E-02
  0.664995015     -0.723521292       8.12751502E-02
  0.665995002     -0.723438025       8.52255225E-02
  0.666994989     -0.723350823       8.91913027E-02
  0.667994976     -0.723259628       9.31725278E-02
  0.668994963     -0.723164439       9.71692428E-02
  0.669994950     -0.723065257      0.101181492    
  0.670994937     -0.722962081      0.105209313    
  0.671994925     -0.722854853      0.109252751    
  0.672994912     -0.722743571      0.113311850    
  0.673994899     -0.722628236      0.117386647    
  0.674994886     -0.722508788      0.121477187    
  0.675994873     -0.722385287      0.125583515    
  0.676994860     -0.722257674      0.129705667    
  0.677994847     -0.722125888      0.133843690    
  0.678994834     -0.721989989      0.137997627    
  0.679994822     -0.721849918      0.142167524    
  0.680994809     -0.721705675      0.146353424    
  0.681994796     -0.721557200      0.150555372    
  0.682994783     -0.721404552      0.154773399    
  0.683994770     -0.721247673      0.159007564    
  0.684994757     -0.721086562      0.163257897    
  0.685994744     -0.720921159      0.167524457    
  0.686994731     -0.720751524      0.171807274    
  0.687994719     -0.720577598      0.176106393    
  0.688994706     -0.720399320      0.180421859    
  0.689994693     -0.720216751      0.184753716    
  0.690994680     -0.720029831      0.189102009    
  0.691994667     -0.719838560      0.193466783    
  0.692994654     -0.719642878      0.197848082    
  0.693994641     -0.719442844      0.202245951    
  0.694994628     -0.719238400      0.206660435    
  0.695994616     -0.719029546      0.211091578    
  0.696994603     -0.718816221      0.215539426    
  0.697994590     -0.718598425      0.220004022    
  0.698994577     -0.718376160      0.224485397    
  0.699994564     -0.718149424      0.228983611    
  0.700994551     -0.717918158      0.233498707    
  0.701994538     -0.717682421      0.238030732    
  0.702994525     -0.717442095      0.242579728    
  0.703994513     -0.717197239      0.247145742    
  0.704994500     -0.716947794      0.251728833    
  0.705994487     -0.716693759      0.256329030    
  0.706994474     -0.716435134      0.260946363    
  0.707994461     -0.716171861      0.265580893    
  0.708994448     -0.715903938      0.270232677    
  0.709994435     -0.715631366      0.274901748    
  0.710994422     -0.715354145      0.279588163    
  0.711994410     -0.715072215      0.284291953    
  0.712994397     -0.714785576      0.289013177    
  0.713994384     -0.714494169      0.293751866    
  0.714994371     -0.714198053      0.298508078    
  0.715994358     -0.713897169      0.303281873    
  0.716994345     -0.713591516      0.308073282    
  0.717994332     -0.713281035      0.312882334    
  0.718994319     -0.712965727      0.317709088    
  0.719994307     -0.712645590      0.322553605    
  0.720994294     -0.712320626      0.327415913    
  0.721994281     -0.711990774      0.332296073    
  0.722994268     -0.711656034      0.337194145    
  0.723994255     -0.711316407      0.342110157    
  0.724994242     -0.710971832      0.347044140    
  0.725994229     -0.710622311      0.351996183    
  0.726994216     -0.710267842      0.356966287    
  0.727994204     -0.709908366      0.361954540    
  0.728994191     -0.709543884      0.366960973    
  0.729994178     -0.709174395      0.371985614    
  0.730994165     -0.708799899      0.377028555    
  0.731994152     -0.708420336      0.382089794    
  0.732994139     -0.708035707      0.387169421    
  0.733994126     -0.707646012      0.392267466    
  0.734994113     -0.707251191      0.397383988    
  0.735994101     -0.706851244      0.402519017    
  0.736994088     -0.706446171      0.407672614    
  0.737994075     -0.706035912      0.412844807    
  0.738994062     -0.705620468      0.418035656    
  0.739994049     -0.705199838      0.423245221    
  0.740994036     -0.704773962      0.428473562    
  0.741994023     -0.704342842      0.433720708    
  0.742994010     -0.703906476      0.438986719    
  0.743993998     -0.703464866      0.444271624    
  0.744993985     -0.703017950      0.449575484    
  0.745993972     -0.702565730      0.454898357    
  0.746993959     -0.702108145      0.460240275    
  0.747993946     -0.701645255      0.465601295    
  0.748993933     -0.701176941      0.470981479    
  0.749993920     -0.700703263      0.476380855    
  0.750993907     -0.700224161      0.481799483    
  0.751993895     -0.699739635      0.487237424    
  0.752993882     -0.699249685      0.492694736    
  0.753993869     -0.698754251      0.498171449    
  0.754993856     -0.698253334      0.503667593    
  0.755993843     -0.697746933      0.509183228    
  0.756993830     -0.697234988      0.514718473    
  0.757993817     -0.696717501      0.520273268    
  0.758993804     -0.696194470      0.525847733    
  0.759993792     -0.695665836      0.531441927    
  0.760993779     -0.695131600      0.537055850    
  0.761993766     -0.694591701      0.542689621    
  0.762993753     -0.694046199      0.548343241    
  0.763993740     -0.693495035      0.554016769    
  0.764993727     -0.692938149      0.559710264    
  0.765993714     -0.692375600      0.565423787    
  0.766993701     -0.691807330      0.571157336    
  0.767993689     -0.691233277      0.576911032    
  0.768993676     -0.690653503      0.582684875    
  0.769993663     -0.690067947      0.588478982    
  0.770993650     -0.689476550      0.594293356    
  0.771993637     -0.688879311      0.600128055    
  0.772993624     -0.688276231      0.605983138    
  0.773993611     -0.687667310      0.611858666    
  0.774993598     -0.687052488      0.617754638    
  0.775993586     -0.686431766      0.623671174    
  0.776993573     -0.685805142      0.629608274    
  0.777993560     -0.685172558      0.635565996    
  0.778993547     -0.684534013      0.641544461    
  0.779993534     -0.683889449      0.647543669    
  0.780993521     -0.683238924      0.653563678    
  0.781993508     -0.682582319      0.659604549    
  0.782993495     -0.681919694      0.665666282    
  0.783993483     -0.681250989      0.671748996    
  0.784993470     -0.680576205      0.677852750    
  0.785993457     -0.679895282      0.683977544    
  0.786993444     -0.679208219      0.690123439    
  0.787993431     -0.678515017      0.696290553    
  0.788993418     -0.677815616      0.702478886    
  0.789993405     -0.677110016      0.708688498    
  0.790993392     -0.676398218      0.714919448    
  0.791993380     -0.675680161      0.721171796    
  0.792993367     -0.674955845      0.727445602    
  0.793993354     -0.674225271      0.733740866    
  0.794993341     -0.673488379      0.740057707    
  0.795993328     -0.672745168      0.746396124    
  0.796993315     -0.671995580      0.752756238    
  0.797993302     -0.671239614      0.759138048    
  0.798993289     -0.670477271      0.765541673    
  0.799993277     -0.669708490      0.771967113    
  0.800993264     -0.668933272      0.778414428    
  0.801993251     -0.668151617      0.784883678    
  0.802993238     -0.667363465      0.791374922    
  0.803993225     -0.666568816      0.797888219    
  0.804993212     -0.665767670      0.804423630    
  0.805993199     -0.664959967      0.810981214    
  0.806993186     -0.664145708      0.817561030    
  0.807993174     -0.663324833      0.824163079    
  0.808993161     -0.662497342      0.830787480    
  0.809993148     -0.661663234      0.837434292    
  0.810993135     -0.660822451      0.844103515    
  0.811993122     -0.659974992      0.850795269    
  0.812993109     -0.659120858      0.857509553    
  0.813993096     -0.658259988      0.864246488    
  0.814993083     -0.657392383      0.871006072    
  0.815993071     -0.656517982      0.877788365    
  0.816993058     -0.655636787      0.884593487    
  0.817993045     -0.654748797      0.891421437    
  0.818993032     -0.653853953      0.898272276    
  0.819993019     -0.652952254      0.905146062    
  0.820993006     -0.652043641      0.912042856    
  0.821992993     -0.651128113      0.918962717    
  0.822992980     -0.650205672      0.925905764    
  0.823992968     -0.649276257      0.932871997    
  0.824992955     -0.648339868      0.939861476    
  0.825992942     -0.647396505      0.946874261    
  0.826992929     -0.646446109      0.953910410    
  0.827992916     -0.645488679      0.960969985    
  0.828992903     -0.644524157      0.968052983    
  0.829992890     -0.643552542      0.975159526    
  0.830992877     -0.642573833      0.982289672    
  0.831992865     -0.641587973      0.989443481    
  0.832992852     -0.640594959      0.996621013    
  0.833992839     -0.639594734       1.00382233    
  0.834992826     -0.638587296       1.01104748    
  0.835992813     -0.637572646       1.01829648    
  0.836992800     -0.636550725       1.02556944    
  0.837992787     -0.635521531       1.03286648    
  0.838992774     -0.634485006       1.04018760    
  0.839992762     -0.633441150       1.04753280    
  0.840992749     -0.632389963       1.05490220    
  0.841992736     -0.631331384       1.06229579    
  0.842992723     -0.630265355       1.06971371    
  0.843992710     -0.629191935       1.07715607    
  0.844992697     -0.628111064       1.08462286    
  0.845992684     -0.627022684       1.09211409    
  0.846992671     -0.625926793       1.09962988    
  0.847992659     -0.624823391       1.10717034    
  0.848992646     -0.623712420       1.11473548    
  0.849992633     -0.622593880       1.12232530    
  0.850992620     -0.621467769       1.12993991    
  0.851992607     -0.620334029       1.13757944    
  0.852992594     -0.619192600       1.14524388    
  0.853992581     -0.618043542       1.15293324    
  0.854992568     -0.616886735       1.16064763    
  0.855992556     -0.615722239       1.16838717    
  0.856992543     -0.614549994       1.17615187    
  0.857992530     -0.613369942       1.18394184    
  0.858992517     -0.612182081       1.19175708    
  0.859992504     -0.610986412       1.19959760    
  0.860992491     -0.609782875       1.20746362    
  0.861992478     -0.608571470       1.21535504    
  0.862992465     -0.607352138       1.22327209    
  0.863992453     -0.606124878       1.23121464    
  0.864992440     -0.604889691       1.23918295    
  0.865992427     -0.603646517       1.24717700    
  0.866992414     -0.602395356       1.25519681    
  0.867992401     -0.601136148       1.26324248    
  0.868992388     -0.599868894       1.27131402    
  0.869992375     -0.598593533       1.27941155    
  0.870992362     -0.597310066       1.28753519    
  0.871992350     -0.596018434       1.29568493    
  0.872992337     -0.594718635       1.30386078    
  0.873992324     -0.593410671       1.31206286    
  0.874992311     -0.592094481       1.32029128    
  0.875992298     -0.590770066       1.32854605    
  0.876992285     -0.589437366       1.33682728    
  0.877992272     -0.588096380       1.34513497    
  0.878992260     -0.586747110       1.35346925    
  0.879992247     -0.585389435       1.36183012    
  0.880992234     -0.584023416       1.37021768    
  0.881992221     -0.582648993       1.37863195    
  0.882992208     -0.581266165       1.38707304    
  0.883992195     -0.579874873       1.39554107    
  0.884992182     -0.578475058       1.40403605    
  0.885992169     -0.577066779       1.41255808    
  0.886992157     -0.575649977       1.42110717    
  0.887992144     -0.574224591       1.42968333    
  0.888992131     -0.572790623       1.43828678    
  0.889992118     -0.571348011       1.44691741    
  0.890992105     -0.569896758       1.45557547    
  0.891992092     -0.568436861       1.46426094    
  0.892992079     -0.566968262       1.47297382    
  0.893992066     -0.565490901       1.48171425    
  0.894992054     -0.564004779       1.49048233    
  0.895992041     -0.562509894       1.49927807    
  0.896992028     -0.561006188       1.50810158    
  0.897992015     -0.559493661       1.51695287    
  0.898992002     -0.557972252       1.52583206    
  0.899991989     -0.556441963       1.53473914    
  0.900991976     -0.554902732       1.54367423    
  0.901991963     -0.553354561       1.55263746    
  0.902991951     -0.551797450       1.56162882    
  0.903991938     -0.550231338       1.57064843    
  0.904991925     -0.548656166       1.57969630    
  0.905991912     -0.547071934       1.58877254    
  0.906991899     -0.545478582       1.59787714    
  0.907991886     -0.543876112       1.60701025    
  0.908991873     -0.542264521       1.61617184    
  0.909991860     -0.540643752       1.62536216    
  0.910991848     -0.539013803       1.63458109    
  0.911991835     -0.537374616       1.64382887    
  0.912991822     -0.535726130       1.65310538    
  0.913991809     -0.534068346       1.66241086    
  0.914991796     -0.532401264       1.67174530    
  0.915991783     -0.530724823       1.68110871    
  0.916991770     -0.529039025       1.69050133    
  0.917991757     -0.527343810       1.69992304    
  0.918991745     -0.525639176       1.70937407    
  0.919991732     -0.523925066       1.71885443    
  0.920991719     -0.522201478       1.72836411    
  0.921991706     -0.520468354       1.73790324    
  0.922991693     -0.518725693       1.74747193    
  0.923991680     -0.516973436       1.75707018    
  0.924991667     -0.515211582       1.76669812    
  0.925991654     -0.513440073       1.77635574    
  0.926991642     -0.511658847       1.78604317    
  0.927991629     -0.509867966       1.79576051    
  0.928991616     -0.508067310       1.80550778    
  0.929991603     -0.506256938       1.81528509    
  0.930991590     -0.504436731       1.82509255    
  0.931991577     -0.502606750       1.83493018    
  0.932991564     -0.500766873       1.84479797    
  0.933991551     -0.498917133       1.85469604    
  0.934991539     -0.497057468       1.86462450    
  0.935991526     -0.495187879       1.87458348    
  0.936991513     -0.493308306       1.88457298    
  0.937991500     -0.491418719       1.89459300    
  0.938991487     -0.489519089       1.90464377    
  0.939991474     -0.487609416       1.91472530    
  0.940991461     -0.485689640       1.92483759    
  0.941991448     -0.483759731       1.93498075    
  0.942991436     -0.481819659       1.94515491    
  0.943991423     -0.479869395       1.95536005    
  0.944991410     -0.477908909       1.96559632    
  0.945991397     -0.475938171       1.97586381    
  0.946991384     -0.473957151       1.98616254    
  0.947991371     -0.471965820       1.99649262    
  0.948991358     -0.469964147       2.00685406    
  0.949991345     -0.467952102       2.01724696    
  0.950991333     -0.465929657       2.02767134    
  0.951991320     -0.463896751       2.03812742    
  0.952991307     -0.461853385       2.04861522    
  0.953991294     -0.459799498       2.05913472    
  0.954991281     -0.457735091       2.06968617    
  0.955991268     -0.455660105       2.08026958    
  0.956991255     -0.453574538       2.09088492    
  0.957991242     -0.451478332       2.10153222    
  0.958991230     -0.449371457       2.11221170    
  0.959991217     -0.447253883       2.12292337    
  0.960991204     -0.445125580       2.13366747    
  0.961991191     -0.442986518       2.14444399    
  0.962991178     -0.440836668       2.15525293    
  0.963991165     -0.438676000       2.16609430    
  0.964991152     -0.436504483       2.17696834    
  0.965991139     -0.434322059       2.18787503    
  0.966991127     -0.432128727       2.19881439    
  0.967991114     -0.429924428       2.20978665    
  0.968991101     -0.427709132       2.22079182    
  0.969991088     -0.425482810       2.23182988    
  0.970991075     -0.423245460       2.24290109    
  0.971991062     -0.420997024       2.25400543    
  0.972991049     -0.418737441       2.26514292    
  0.973991036     -0.416466713       2.27631378    
  0.974991024     -0.414184809       2.28751802    
  0.975991011     -0.411891669       2.29875565    
  0.976990998     -0.409587294       2.31002688    
  0.977990985     -0.407271624       2.32133174    
  0.978990972     -0.404944628       2.33267021    
  0.979990959     -0.402606279       2.34404254    
  0.980990946     -0.400256544       2.35544848    
  0.981990933     -0.397895366       2.36688852    
  0.982990921     -0.395522743       2.37836242    
  0.983990908     -0.393138617       2.38987041    
  0.984990895     -0.390742987       2.40141249    
  0.985990882     -0.388335794       2.41298890    
  0.986990869     -0.385917008       2.42459965    
  0.987990856     -0.383486599       2.43624473    
  0.988990843     -0.381044507       2.44792438    
  0.989990830     -0.378590733       2.45963860    
  0.990990818     -0.376125216       2.47138739    
  0.991990805     -0.373647928       2.48317075    
  0.992990792     -0.371158838       2.49498892    
  0.993990779     -0.368657917       2.50684214    
  0.994990766     -0.366145134       2.51873016    
  0.995990753     -0.363620460       2.53065324    
  0.996990740     -0.361083835       2.54261136    
  0.997990727     -0.358535230       2.55460477    
  0.998990715     -0.355974615       2.56663346    
  0.999990702     -0.353401959       2.57869744    
